<Compressed Sparse Row sparse matrix of dtype 'float64'
	with 13342 stored elements and shape (1023, 1023)>
  Coords	Values
  (0, 1)	0.6232766274978354
  (0, 3)	0.32683753901506707
  (0, 27)	2.1895615363514285
  (0, 33)	1.035915679648648
  (0, 97)	0.4132199322911416
  (0, 386)	0.5020282698435754
  (1, 0)	0.6232766274978354
  (1, 4)	1.42147002665267
  (1, 7)	0.06354888557035276
  (1, 8)	1.5881475228562993
  (1, 10)	0.4393758705708848
  (1, 11)	0.4376352877298524
  (1, 13)	0.16388826524340505
  (1, 16)	4.478793574340301
  (1, 17)	0.5592215764732031
  (1, 25)	0.4810056635420856
  (1, 29)	3.0073114149469404
  (1, 33)	10.798391138100326
  (1, 37)	0.301648384938099
  (1, 41)	2.784445509713137
  (1, 43)	10.777882674045399
  (1, 47)	0.43898573102580785
  (1, 51)	2.87836101848991
  (1, 52)	5.380649234833829
  (1, 53)	0.9960185282934715
  :	:
  (1018, 1)	0.6901986676699465
  (1018, 17)	0.9685740473035622
  (1018, 21)	0.6522597179973602
  (1018, 66)	1.3170375985210905
  (1018, 137)	2.321756371402828
  (1018, 648)	0.5852079613031264
  (1020, 25)	0.40928950097982586
  (1020, 99)	0.0710594861406707
  (1020, 129)	0.7471755065564782
  (1020, 518)	0.9700957552014704
  (1020, 769)	0.8553413967478232
  (1021, 1)	0.5165953571353306
  (1021, 2)	0.29285249042694705
  (1021, 10)	1.0663476059451642
  (1021, 145)	0.8700152927224384
  (1021, 281)	1.6849842183430663
  (1021, 309)	1.060220387113448
  (1021, 724)	2.5005515733771286
  (1022, 29)	1.2171168280547777
  (1022, 82)	0.544629583979221
  (1022, 121)	0.8960235859248362
  (1022, 179)	1.3488702374076198
  (1022, 289)	0.6135989483623797
  (1022, 353)	0.9832120758119121
  (1022, 769)	1.0142823295385046
